[79, 72, 42, 9, 78, 84, 58, 54, 79, 24, 20]
[96, 37]
[78, 50, 85, 89, 11, 49, 72, 5, 84, 4]
[94, 31, 61, 29]
[77, 47, 28, 87, 19, 33, 43, 49, 1, 84, 79, 56]
[1, 16, 35, 84, 22, 79, 43, 91, 11, 85, 56, 22, 55]
[35, 50, 8, 61, 19, 75, 25, 51, 15, 92, 43, 55, 27, 76, 19, 80, 65, 45, 11, 13, 44]
[94, 47, 18, 39, 31, 77, 29, 16, 56, 11, 48, 85, 14, 72, 67, 80, 3, 0]
[21]
[44, 84, 97]
[59, 28, 62, 40, 7, 78, 6, 1]
[74, 89, 99]
[75, 81, 65, 50, 70, 94, 68, 11, 33, 58, 1, 81]
[57, 98, 43, 57, 26, 82, 54, 8, 82, 43, 78, 98]
[93, 20, 12, 38, 58, 44, 13, 69, 34]
[14, 37, 8, 4, 92, 29, 66]
[19, 29, 87, 19, 52, 84, 37, 3, 3, 35, 70, 72, 14, 55, 91, 55, 43, 85, 48, 64, 22]
[87, 75, 0, 5, 90, 7, 76, 48, 91, 87, 82, 81]
[12, 89, 92, 25, 59, 8, 32, 8, 42, 55, 71, 74, 63, 78]
[48, 53, 36, 31, 66, 80, 0, 41, 87, 88, 30]
[46, 79, 16, 13, 88, 1, 3, 6, 38, 79, 36, 47]
[84, 60, 88, 66]
[97, 52, 48, 33, 3, 25, 24, 30, 40, 8, 60, 28, 58, 79, 74, 52, 53, 34, 78, 35]
[55, 98, 93, 25, 40, 46]
[80, 23, 13, 50, 70, 71, 81, 16, 46, 95, 91, 80, 30, 92, 50, 89]
[96, 96, 11, 53, 83, 16, 20, 89, 59, 21, 72, 88, 66, 18, 27, 5, 62, 42, 52, 99, 47, 20]
[78, 55, 41, 21, 83, 95, 97, 78, 17, 13, 75, 60, 77, 21, 38]
[22, 19, 40, 8, 23, 87, 74, 2, 94, 7, 15]
[64, 90, 77, 71, 11, 0]
[66, 72, 20, 86, 15, 77, 14, 35, 18, 91, 43, 46, 30, 37, 10, 50, 43, 61, 80, 49]
[82, 44, 46, 50, 58, 80, 53, 7, 4, 51, 92, 83, 56, 57, 97, 18, 58, 7, 97, 7]
[62, 4, 24, 75]
[68, 55, 95, 13, 84]
[85, 26, 82, 54, 9, 66, 68, 43, 66, 53, 45]
[27, 42, 73, 57, 7, 79, 25]
[]
[10, 50, 75, 1, 24, 66, 97, 4, 44, 94, 5, 47, 44, 1, 75, 96]
[98, 26]
[36, 91, 22]
[96, 64, 74, 46, 51, 38, 19, 58, 18, 58, 3]
[]
[61, 65, 12, 1, 9, 21, 44, 21, 68, 64, 64, 78, 92, 53, 87, 71, 6, 1, 91, 53, 42, 28, 43]
[]
[69, 94, 7, 65, 47, 81, 62, 4, 68, 91, 84, 33, 81, 58, 55, 53, 9, 13, 64, 47, 36, 7, 89]
[15, 13, 74, 6, 84, 20, 77, 88, 66, 65, 60, 7, 17, 78, 83, 53]
[79, 31, 42, 53, 79, 50, 0, 13, 8, 21, 30, 43, 97, 91, 79, 10, 38, 76, 48]
[25, 17]
[17, 11, 31, 70, 64, 34, 28, 49]
[5, 31]
[70, 63, 68, 94, 26, 67, 59, 14, 68, 19, 0, 20, 87, 97, 75, 99, 16, 99, 26, 24, 28, 62]
[24, 94, 22, 9, 49, 44, 82, 23, 5, 44, 19, 12]
[89, 75, 7, 99, 62]
[25, 63, 98, 75, 59, 34, 31, 18, 26, 96, 72, 67, 18, 49, 97, 75, 68, 79]
[75, 22, 64, 27, 69, 26, 21, 48, 19, 86, 24, 16, 0, 95, 22, 2, 94, 64, 29, 37]
[]
[82, 66, 18, 23, 31, 18, 27, 40, 3, 0, 37, 27, 54, 34]
[59, 81, 52, 1, 54, 58, 82, 5, 21, 97, 52, 53, 60, 62, 77, 84, 93, 84, 51, 71, 3, 93]
[5, 24, 98, 41]
[43, 81]
[53, 93, 53, 62, 15, 71, 49, 73, 3, 44, 1, 6, 85]
[29, 26, 95, 73, 78, 11, 0, 34, 27, 90, 85, 20, 53, 15, 38, 81, 78, 98, 55, 13]
[77, 86, 83, 3, 44, 66, 11, 23, 60]
[43, 10, 26, 95, 83, 16, 30, 4, 63, 41, 71, 24, 45, 10, 41]
[44, 97, 13, 34, 21, 41, 35, 26, 30]
[48, 0, 40, 18, 15, 98, 50, 84, 98, 69, 37, 28, 8, 2, 75, 96, 90, 8, 0, 0, 67, 59]
[16, 24, 93, 72, 12, 79]
[63, 38, 33, 60, 70, 5, 22, 97, 61, 57, 37, 20, 20, 54, 73, 75]
[84, 24, 22, 55, 31, 30, 88, 74, 40, 17, 14, 86, 12, 75]
[36, 60, 7, 40, 66, 82, 44, 3, 48, 64, 79, 58, 49, 86, 81, 17, 65, 44, 3, 58]
[80, 53, 0, 97, 60, 7, 83, 88, 54, 86, 49, 71, 96, 48, 40, 98, 91, 55]
[35, 46, 60, 21, 38, 27, 72, 81, 15, 27, 36, 59, 76, 82, 19, 62]
[]
[62, 75, 98]
[44, 87]
[85, 4, 97, 28, 80, 14, 3, 18, 45, 15]
[26, 28, 58, 93, 1, 93, 34, 78]
[92]
[36, 46, 73, 86, 88, 29, 10, 66, 33, 73, 14, 57, 68, 16, 89, 69, 70, 11]
[17, 81, 1, 73, 60, 99, 15, 30, 28, 44, 12, 79, 2, 41, 93, 77, 8, 3, 22, 3]
[29, 70, 51, 64, 5, 68, 29]
[44, 51, 32, 88, 58, 98, 55, 11, 51, 75, 24, 82, 4, 92, 60, 24, 63, 86, 54]
[96, 36, 13, 68, 29, 97, 68, 69, 84, 28, 32, 49, 44, 98, 47, 31, 3, 6, 2]
[64, 78, 98, 4, 31, 42]
[62, 75, 3, 76, 33, 10, 30, 68, 14, 27, 98, 53, 29, 18]
[76, 18, 23, 17, 46, 31, 31, 80, 91, 78, 62, 45, 5, 37, 58, 18, 40, 66, 48, 61, 77]
[99, 86, 69, 79, 58, 5, 41, 97, 76, 78, 99, 18]
[65, 60, 64, 28, 18, 93, 78]
[11, 38, 29, 49, 0, 15, 19, 52, 49, 56, 88, 72]
[60, 42, 19, 74, 75, 16, 83, 51, 39, 37, 12, 85, 23, 83, 87, 53, 4]
[61, 18, 52, 30, 33, 34, 60, 13, 37, 6, 70, 13, 54, 10, 83, 30, 10, 34, 60, 94, 88, 8]
[88]
[17, 44, 70, 48, 18, 19, 1, 37, 49, 88, 45, 57, 27, 42, 17, 99, 93, 61, 66]
[63, 90]
[36, 77, 76, 38, 15, 53, 31]
[11, 40, 53, 92, 99, 65, 61, 69, 63, 32, 22, 49, 18]
[]
[57, 21, 9, 82, 36, 33, 61, 83, 88, 37]
[46]
[33, 33, 95, 8, 34, 49, 73, 27, 68, 31, 7, 39, 24, 0, 25, 36, 92, 90, 29, 86, 82]
[72, 19, 44, 73, 98, 88, 12, 55, 0, 88, 72]
