[12, 15, 22, 44, 86, 12, 97, 41, 30, 16, 69, 57, 16]
[61, 88, 51, 94, 43, 60, 58, 41]
[66, 58, 52, 71, 66, 99, 80, 40, 55, 59, 65, 20, 0, 53, 92, 24, 95, 72]
[10, 83, 48, 45, 7, 77]
[29, 28, 48, 15, 41, 11, 45, 67, 82, 98, 41]
[3, 22, 22, 88, 74, 91, 61, 77, 53, 51, 60, 98, 8, 80, 93, 35, 94, 6, 90, 70, 69, 54, 70]
[]
[18, 66, 90, 37, 34, 68, 81, 66, 15, 2, 11, 6, 13]
[90, 85, 92, 51, 24, 31, 63, 62, 62, 51, 32, 19, 53, 85, 56, 15, 84, 96]
[44, 14, 4, 46, 47, 51, 32, 69, 38, 28, 80, 87]
[77, 41, 60, 65, 0, 82, 38, 3, 31, 84, 26, 8, 43, 3, 25, 49, 79, 29, 41, 49, 31, 69]
[67]
[67, 9, 35, 78, 38, 64, 64, 98, 14, 76, 85, 0, 16, 30, 67, 10, 34]
[25, 32, 2, 67, 18, 38, 62, 97, 82, 86, 22, 40, 95, 5]
[96, 70, 48, 81, 52, 19, 94, 85, 47]
[62, 71, 81, 0, 86, 84, 39, 63, 95, 31, 76, 11, 95, 79, 96, 22, 97, 19, 99, 73, 23, 73, 5]
[45, 38, 56, 26, 61, 55, 79, 2]
[92, 90, 46, 9, 15, 44, 2, 18, 76, 70, 32, 18, 40, 78, 11, 95, 50, 58, 93, 91, 19, 49]
[7, 5, 5, 27, 1, 93, 37, 82, 15, 9, 17, 60, 8, 28]
[62, 46, 27, 8, 96, 28, 79, 3, 77, 1, 42]
[0, 74, 19, 15, 99, 43, 18, 40, 12, 84, 38, 3]
[51, 57, 94, 27]
[35, 95, 55, 81, 82, 40, 81, 23, 7, 20, 93, 5, 95, 35, 37, 45, 74, 4, 88, 39, 39, 12]
[80, 72, 61, 90, 38]
[2, 88, 46, 56, 10, 23, 49, 97]
[26, 88, 80, 43, 38, 31]
[5, 24, 13, 76, 5, 79, 50, 0, 1, 67, 7, 18, 11, 96, 70, 45, 37, 28]
[55, 39, 39, 56, 74, 94, 54, 54, 70, 8, 20, 98, 16, 75, 80, 94, 71, 63, 89, 39]
[8, 64]
[8, 36, 41, 84, 63, 36, 43, 32, 52, 97, 17, 74, 75, 20, 95, 23, 44]
[90, 60, 79, 86, 44, 73, 60]
[]
[86, 30, 86, 90, 71, 99, 47, 79, 65, 76, 74, 80, 20, 26, 9, 7, 37, 25, 3, 33, 99, 98]
[20, 8, 74, 48, 43]
[1, 89, 22, 9, 47, 20, 39]
[23, 82, 95, 55, 17]
[96, 57, 9, 98, 62, 75, 70, 67, 53, 34]
[95, 14, 97, 30, 10, 71, 19, 63, 39, 92]
[50, 86, 58, 33, 75, 16, 10, 89, 56, 24, 72, 94, 47, 35, 26, 10, 8, 63, 76, 30, 91, 80]
[61, 14, 0, 9, 40, 96]
[72, 39, 60, 28, 66, 2, 76, 44, 33, 95, 29, 24, 8, 94, 84, 44, 86, 24]
[81, 16, 51, 32, 44, 71, 25, 70, 33]
[99, 96, 15, 38, 76, 13, 80, 61, 7, 61, 64, 82, 72, 38, 10, 27, 2, 56, 4, 28, 62, 80]
[15, 94, 75, 88, 39, 32, 15]
[97, 16, 98, 21, 99, 14, 91, 24]
[47, 8, 37, 59, 55, 88, 34, 10, 91, 18, 32, 39, 63, 1, 81, 79, 71, 6, 56, 9]
[97, 13, 13, 87, 80, 80, 5, 69, 61, 19, 51, 86, 15, 74, 65, 7, 59, 82, 2, 34]
[50, 89, 52, 9]
[]
[83, 77, 5]
[10, 34, 80, 16, 66, 69, 5, 3, 56, 92, 0, 74, 73, 18, 60, 55, 62, 97, 67]
[85, 71, 39, 70, 72, 97, 82, 40, 88, 53, 55, 36, 53]
[31, 25, 83, 60, 35, 22]
[29, 56, 59, 88, 16, 38, 14, 55, 69, 57, 13]
[31, 45, 51, 90, 31, 95, 62, 61, 84, 7, 58, 7, 36, 58, 63, 40, 92, 87, 24, 89, 63]
[93, 26, 12, 46, 92, 97]
[19, 52, 55, 52, 15, 80, 14, 82, 28, 70, 23, 23]
[36, 16, 8, 22, 78, 3, 44, 88, 47, 50, 60, 96, 82]
[81, 42, 71, 72, 22, 9, 67, 76, 12, 91, 29, 6, 39, 36, 81, 93, 93, 4, 18, 4, 77]
[0, 96, 68, 2, 10, 78, 91, 7, 70, 52, 85, 51, 98, 34, 56, 34, 63, 27, 32, 56, 17, 4]
[87, 58, 25, 46, 98, 17, 13, 71, 96, 26]
[70, 39, 28]
[92, 35, 71, 86, 72, 52, 66, 26, 13, 25, 85, 39, 89, 28, 30, 90, 23, 2, 86, 39, 74, 70, 2]
[91, 92, 88, 73, 61, 72, 43, 46, 3, 92]
[83, 46, 23, 54, 76, 28, 40, 8, 2, 44, 13]
[35, 49, 35, 26, 92, 41, 98, 50, 10, 6, 85, 63, 93, 44, 46, 17, 93, 63]
[60, 28, 20, 60, 80, 76, 37]
[81, 27, 36, 79, 54, 98, 31, 58, 76, 50, 43, 22, 14, 54, 38, 7, 96, 28, 98, 98, 62, 36]
[45, 79, 15, 73, 36, 64, 60, 27, 49, 51]
[4, 27, 97]
[37, 12, 71, 94, 73, 92, 79, 43, 13, 71, 9, 16, 56, 43, 67, 4, 64, 85, 63, 10]
[70, 18, 92, 42, 79, 18, 79, 3, 17, 26, 77, 22, 42, 24, 24, 17, 45, 10, 99, 23]
[20, 92, 36, 31, 84]
[53, 60, 53, 71, 2, 29, 63, 58, 20, 95, 99, 14, 2, 75, 64, 98]
[20, 30, 9, 24, 72, 25, 47, 59]
[81, 85, 51, 97, 62, 74]
[14, 82, 58, 51]
[84, 45, 58, 26, 55, 90, 59, 83]
[46, 36, 36, 76, 31, 0, 80, 23, 42, 6, 52, 35, 34, 81, 47, 26, 83, 52, 5]
[13, 22, 8, 62, 36]
[22, 15, 18, 70, 26, 58, 30, 24, 95, 19, 82, 38, 59, 52, 19, 35, 62, 43, 24, 61]
[58, 43, 69, 1, 90, 82, 71, 84, 71, 14, 85, 2, 5, 64, 33, 40, 24, 94, 75, 52, 5]
[72, 89]
[]
[18, 92, 45, 2, 26, 17, 60]
[58, 72, 97, 69, 46, 95, 83, 76, 8, 32, 59, 90, 9]
[38, 90, 82, 76, 71, 64, 59, 3, 52, 30, 79, 78]
[86, 86, 2, 81, 96, 56, 29, 50, 50, 75, 80, 17, 97, 34, 94, 14]
[29, 29, 96, 15]
[47]
[]
[75, 79, 54, 92, 86, 30, 74, 86, 81, 43, 79, 74, 36, 20, 44, 72, 46, 73, 10, 33, 76, 9, 40]
[99, 21]
[99, 54, 28, 95, 82, 74]
[24, 11, 26, 25, 32, 0, 19, 22, 39, 62, 40, 70, 47, 18, 97, 22, 75, 46, 69, 46]
[32, 38, 17, 29, 27, 36, 69, 60, 24, 24, 12, 38, 92, 29, 13, 97]
[25, 79, 98, 28, 94, 90, 78, 42, 91, 19, 8, 41, 22, 31, 4, 28, 73, 4, 61, 30, 74]
[74, 30, 10, 92, 52, 3, 66, 12, 70, 82, 81]
[5, 29, 18, 47, 17]
[33, 83, 80, 88, 53, 28, 57, 37, 56, 43, 70, 57, 95, 98, 96, 87, 85, 41]
